
interior: 0
position: -303.1419, 1327.4504, 54.4486
position: -287.0429, 1327.8767, 54.5321
position: -288.7125, 1318.0246, 54.3058
position: -303.2817, 1316.9029, 54.1113
position: -314.1279, 1314.2342, 53.7397
position: -300.0636, 1305.0854, 53.7874
position: -292.8140, 1294.3276, 53.6666
position: -303.7167, 1294.2935, 53.4136
position: -327.2828, 1292.2070, 53.6642
position: -317.9007, 1293.0812, 53.6642
position: -311.4512, 1306.8601, 57.3732
position: -311.3127, 1297.9427, 57.8726
position: -317.6140, 1297.6582, 57.9098
position: -319.0826, 1304.8598, 57.6025
position: -330.0067, 1304.0253, 57.6025
position: -335.4880, 1297.9417, 57.8726
position: -335.4837, 1307.1418, 57.3885
position: -325.7553, 1320.0906, 53.0051
position: -321.1763, 1335.1845, 54.2835
position: -300.2766, 1336.8975, 54.7673